              precision    recall  f1-score   support

           0       0.99      0.99      0.99     49807
           1       0.95      0.24      0.39        78
           2       1.00      1.00      1.00      4310
           3       0.99      0.97      0.98       126
           4       1.00      0.94      0.97      2103
           5       0.73      0.87      0.79        60
           6       0.86      0.90      0.88        69
           7       1.00      0.99      1.00       102
           9       0.87      0.92      0.89      3194
          10       1.00      0.89      0.94        57
          11       0.86      0.09      0.16        66
          12       0.00      0.00      0.00         1
          13       0.00      0.00      0.00        27

    accuracy                           0.98     60000
   macro avg       0.79      0.68      0.69     60000
weighted avg       0.98      0.98      0.98     60000
